%YAML:1.0
K1: !!opencv-matrix
   rows: 3
   cols: 3
   dt: d
   data: [ 3.3853156016430802e+002, 0., 1.7921456650346647e+002, 0.,
       3.3853156016430802e+002, 1.1832811643474140e+002, 0., 0., 1. ]
K2: !!opencv-matrix
   rows: 3
   cols: 3
   dt: d
   data: [ 3.3931951006362618e+002, 0., 1.6450676450517159e+002, 0.,
       3.3931951006362618e+002, 1.1336994101643792e+002, 0., 0., 1. ]
D1: !!opencv-matrix
   rows: 1
   cols: 5
   dt: d
   data: [ 1.3911576823060970e-001, -5.8328325874616949e-001, 0., 0., 0. ]
D2: !!opencv-matrix
   rows: 1
   cols: 5
   dt: d
   data: [ 1.5366518953793157e-001, -4.7401109549967096e-001, 0., 0., 0. ]
R: !!opencv-matrix
   rows: 3
   cols: 3
   dt: d
   data: [ 7.1094166535943326e-001, -4.6500908212375403e-001,
       5.2756848086137520e-001, 4.9928447358565187e-001,
       8.6205833645505436e-001, 8.7008269633654253e-002,
       -4.9525444257699897e-001, 2.0154894713386101e-001,
       8.4504500413704475e-001 ]
T: !!opencv-matrix
   rows: 3
   cols: 1
   dt: d
   data: [ -2.6184831766105634e+002, -6.8490041506827794e+001,
       6.0262345556392773e+001 ]
E: !!opencv-matrix
   rows: 3
   cols: 3
   dt: d
   data: [ 3.8319438503793108e+000, -6.5753753116079167e+001,
       -6.3120489819410729e+001, -8.6838530294623894e+001,
       2.4752714739556001e+001, 2.5306612677949494e+002,
       -8.2044375273288210e+001, -2.5757701646215264e+002,
       1.3350218125717731e+001 ]
F: !!opencv-matrix
   rows: 3
   cols: 3
   dt: d
   data: [ 4.7494478453708504e-007, -8.1497546220907208e-006,
       -1.7692324661329141e-003, -1.0763077088463788e-005,
       3.0679397266018527e-006, 1.2184229863102591e-002,
       -2.3084190227386494e-003, -9.8399024477409339e-003, 1. ]
