<?xml version="1.0"?>
<opencv_storage>
<K1 type_id="opencv-matrix">
  <rows>3</rows>
  <cols>3</cols>
  <dt>d</dt>
  <data>
    338.2554491299262100 0. 176.0724101141021500 0. 338.2554491299262100
    118.6403799883941300 0. 0. 1.</data></K1>
<K2 type_id="opencv-matrix">
  <rows>3</rows>
  <cols>3</cols>
  <dt>d</dt>
  <data>
    338.7624958243985100 0. 171.5846966837019100 0. 338.7624958243985100
    120.2969952842302300 0. 0. 1.</data></K2>
<D1 type_id="opencv-matrix">
  <rows>1</rows>
  <cols>5</cols>
  <dt>d</dt>
  <data>
    0.0325726789583265 0.3825646958539583 0. 0. 0.</data></D1>
<D2 type_id="opencv-matrix">
  <rows>1</rows>
  <cols>5</cols>
  <dt>d</dt>
  <data>
    0.0757473956778095 -0.1605313389296904 0. 0. 0.</data></D2>
<R type_id="opencv-matrix">
  <rows>3</rows>
  <cols>3</cols>
  <dt>d</dt>
  <data>
    0.7861579758926928 -0.4752550830616634 0.3950800462746199
    0.4922615326455835 0.8680423697731274 0.0646608672697354
    -0.3736766254634152 0.1436490525645911 0.9163682279954767</data></R>
<T type_id="opencv-matrix">
  <rows>3</rows>
  <cols>1</cols>
  <dt>d</dt>
  <data>
    -273.4265960107605300 -67.4624005255498530 30.4198888051597650</data></T>
<E type_id="opencv-matrix">
  <rows>3</rows>
  <cols>3</cols>
  <dt>d</dt>
  <data>
    10.2345810879126230 -36.0966622858941190 -63.7873768183097810
    -78.2582894993043110 24.8202646820841860 262.5777363500270100
    -81.5612909722933640 -269.4077191254895100 8.9730474887638181</data></E>
<F type_id="opencv-matrix">
  <rows>3</rows>
  <cols>3</cols>
  <dt>d</dt>
  <data>
    1.2778131283169848e-006 -4.5067588561895300e-006
    -2.3841752013187343e-003 -9.7707438011258643e-006
    3.0988723218507501e-006 0.0124419008882119 -2.4935252085920225e-003
    -0.0109941873014202 1.</data></F>
</opencv_storage>
