<?xml version="1.0"?>
<opencv_storage>
<K1 type_id="opencv-matrix">
  <rows>3</rows>
  <cols>3</cols>
  <dt>d</dt>
  <data>
    3.4243273665628857e+002 0. 1.8181189860417339e+002 0.
    3.4243273665628857e+002 1.2167661834074413e+002 0. 0. 1.</data></K1>
<K2 type_id="opencv-matrix">
  <rows>3</rows>
  <cols>3</cols>
  <dt>d</dt>
  <data>
    3.4376232058506446e+002 0. 1.6505334545165286e+002 0.
    3.4376232058506446e+002 1.1421523272376655e+002 0. 0. 1.</data></K2>
<D1 type_id="opencv-matrix">
  <rows>1</rows>
  <cols>5</cols>
  <dt>d</dt>
  <data>
    1.2620166425062901e-001 -2.2171776434765639e-001 0. 0. 0.</data></D1>
<D2 type_id="opencv-matrix">
  <rows>1</rows>
  <cols>5</cols>
  <dt>d</dt>
  <data>
    1.5532626183396880e-001 -3.1560922671270814e-001 0. 0. 0.</data></D2>
<R type_id="opencv-matrix">
  <rows>3</rows>
  <cols>3</cols>
  <dt>d</dt>
  <data>
    7.1336097668005327e-001 -4.6875373281501892e-001
    5.2094726693022053e-001 4.9817304795381306e-001
    8.6202355145051568e-001 9.3482677737900019e-002
    -4.9288916730081256e-001 1.9283499349606154e-001
    8.4845443840013335e-001</data></R>
<T type_id="opencv-matrix">
  <rows>3</rows>
  <cols>1</cols>
  <dt>d</dt>
  <data>
    -2.6190267580342129e+002 -6.7816397421251963e+001
    5.9541491343104838e+001</data></T>
<E type_id="opencv-matrix">
  <rows>3</rows>
  <cols>3</cols>
  <dt>d</dt>
  <data>
    3.7640014321917370e+000 -6.4403542381896813e+001
    -6.3105221435630021e+001 -8.6614415373098780e+001
    2.2593704460700330e+001 2.5323046489842386e+002
    -8.2095282772902806e+001 -2.5755546416773694e+002
    1.0845403448829927e+001</data></E>
<F type_id="opencv-matrix">
  <rows>3</rows>
  <cols>3</cols>
  <dt>d</dt>
  <data>
    4.6025299396779429e-007 -7.8751094380268526e-006
    -1.7677949654317576e-003 -1.0591001282649929e-005
    2.7627035510466627e-006 1.2192640921312775e-002
    -2.3171406563937667e-003 -9.8419256055282105e-003 1.</data></F>
<R1 type_id="opencv-matrix">
  <rows>3</rows>
  <cols>3</cols>
  <dt>d</dt>
  <data>
    9.0234420699172457e-001 -2.7359612591438576e-001
    3.3304668140234550e-001 2.8443864819447839e-001
    9.5854713701146033e-001 1.6794092426519972e-002
    -3.2383574157553013e-001 7.9577295830986328e-002
    9.4276076841712830e-001</data></R1>
<P1 type_id="opencv-matrix">
  <rows>3</rows>
  <cols>4</cols>
  <dt>d</dt>
  <data>
    1.7085179445537094e+002 0. 1.4539040911197662e+002 0. 0.
    1.7085179445537094e+002 1.0305087566375732e+002 0. 0. 0. 1. 0.</data></P1>
<R2 type_id="opencv-matrix">
  <rows>3</rows>
  <cols>3</cols>
  <dt>d</dt>
  <data>
    9.4544610854403266e-001 2.4481135536592533e-001
    -2.1493965693385633e-001 -2.3766628012153526e-001
    9.6955983233645748e-001 5.8893724732711435e-002
    2.2281471031360828e-001 -4.5969341521369216e-003
    9.7484997464443923e-001</data></R2>
<P2 type_id="opencv-matrix">
  <rows>3</rows>
  <cols>4</cols>
  <dt>d</dt>
  <data>
    1.7085179445537094e+002 0. 1.4539040911197662e+002
    -4.7236832791504043e+004 0. 1.7085179445537094e+002
    1.0305087566375732e+002 0. 0. 0. 1. 0.</data></P2>
<Q type_id="opencv-matrix">
  <rows>4</rows>
  <cols>4</cols>
  <dt>d</dt>
  <data>
    1. 0. 0. -1.4539040911197662e+002 0. 1. 0. -1.0305087566375732e+002
    0. 0. 0. 1.7085179445537094e+002 0. 0. -3.6169189244648113e-003 0.</data></Q>
</opencv_storage>
